00AC
0084
0000
0048
0055
00AB
0007
0038
009E
001C
00FD
0028
0036
0092
001A
000D
001E
00E5
0090
0154
0109
00FC
0064
0195
0095
00E7
0112
0048
01B3
0153
006C
014F
007F
00BB
00E3
006E
00B3
010E
013B
00DC
00E7
0000
0107
00B7
0073
0172
0197
00C6
0089
0036
0050
0163
0112
0000
011D
013E
00CB
0082
017C
00FB
01C4
00BD
00B3
0117
0148
0173
0000
007D
0014
00E7
006A
0020
00E4
01A3
00FB
008E
0078
0114
01B8
00DB
0038
0049
0117
00D1
00A7
007F
0044
00E2
00A3
0155
00EA
024D
0105
00ED
015A
002B
005E
00B4
0143
0118
00DA
0016
00C4
01D1
0064
00B2
0179
00C5
00BF
00C3
014A
0127
0114
00CC
017C
01A0
00C8
004F
0055
00A9
00CA
00C8
0104
0163
0090
0113
002A
0102
004C
0018
0055
00A7
008B
003A
009C
0147
00C4
0000
00D3
0005
00B6
00D4
0144
012F
0098
00E5
0149
00B7
008D
005F
00B3
00EA
0064
0166
0175
0133
01B2
0138
0093
00E3
00B3
011F
00C3
0182
00E2
0114
00CF
0159
009C
0157
0020
0076
0085
01B5
014D
0131
011A
0172
0145
00B7
0000
003B
009D
014A
00A7
00C0
0067
0071
0122
0015
01E7
00FE
00F4
0131
0084
00E3
00EE
006E
0122
00F1
00AB
00D6
00F7
00C7
00FC
0080
0121
00B3
00A5
00AE
0117
00C2
0147
010F
01D2
006D
00E4
0124
013C
002D
007D
0191
014B
015C
00D2
00D0
0065
0091
0140
01AB
0122
0031
0090
007D
0113
0170
0174
0091
000C
0045
000D
0111
00FA
011A
01FB
0164
0033
00F1
00B6
00C8
0132
00D0
007E
0097
00C0
0153
0000
0000
0000
0000
0000
0000
0000
0000
0000
0000
0000
0000
0000
0000
0000
0000
0015
0000
0035
0000
0000
0000
0000
0000
0000
0000
0000
0000
001E
0000
0033
0000
0000
0000
0000
0000
0000
0009
0066
0000
0027
0000
0049
006F
0000
0000
0000
0000
0000
0000
00B3
0000
0000
0000
0000
0000
0000
0063
0000
0000
0000
0000
0000
0000
0000
0000
0000
00B7
0000
0028
0000
0000
0000
0000
0000
003B
001A
0000
0000
0000
0004
0000
0002
0030
0000
0000
0000
0000
0000
0000
0000
0000
0000
0000
003F
0000
0035
006E
0000
0000
0067
001F
002B
0000
0000
0072
004F
0000
0000
0001
0000
0000
0000
0000
0000
0017
0000
0000
0000
0000
0000
0000
0000
0000
0000
0000
0000
0000
0000
0000
0000
0000
0000
0004
0000
0000
0000
0000
0000
0000
0000
002B
0000
0000
001E
0000
0000
0000
0000
00B9
0000
00E1
00EB
0000
0000
0008
0000
0000
001B
0000
0000
004C
0000
0000
0000
0000
005A
0000
0000
0000
0000
0000
0000
0000
0000
0000
0000
0000
0000
0000
0000
0000
0000
0000
0000
0000
0000
0000
0000
0000
0000
0000
0000
0000
0000
0000
0000
0000
0000
0000
0000
0000
0036
0000
0000
0000
0000
0000
0000
010B
0032
0000
0000
0000
0000
0000
0000
0000
0014
0000
0000
0000
0000
0000
0000
0000
0000
0018
0000
0000
0000
0000
0048
000E
002C
0066
0000
0000
0000
0000
000C
0000
0000
0052
0000
0000
0000
0047
0000
0000
0000
0000
0000
0000
003A
0000
0009
0066
003D
0000
003E
0000
0000
0000
0060
001A
0000
00ED
0000
0000
0054
0000
005A
0000
005C
0000
0023
0000
0000
0000
0000
0000
0000
0000
0000
007B
0000
0000
006B
0027
0000
0000
0000
0039
0000
0000
0000
0026
0000
0000
0000
0000
0000
0000
0117
0000
0076
0000
0000
0000
0000
0000
0083
0000
0000
0000
0000
0000
0000
0000
0000
0000
0000
0000
0000
000F
0000
0000
0000
0000
0074
0000
0021
0000
0000
0000
00C6
0000
0000
0000
0000
0034
0000
0000
00AE
0000
0000
0000
001D
0000
0000
0000
000F
0025
0000
0000
0000
0025
0000
0000
0000
0000
0000
0000
0000
0000
0000
0036
0000
002C
0000
0000
0000
0020
0000
0000
0000
0000
0000
0000
0000
0000
0000
0000
0103
0000
0000
0000
0000
0000
0000
0000
0000
0026
0000
000E
0000
0000
0000
0000
008B
0000
0000
0000
0000
0060
0000
0000
0000
0000
0000
0000
0000
0000
0000
0000
00F4
0000
0000
0000
0000
0000
0039
0000
0000
0000
0071
0012
0000
0000
0000
0000
0011
0000
0028
0000
0023
0061
0000
0000
0000
0000
0000
003B
0000
0000
0000
0000
0059
0000
0000
0000
0000
0027
0000
0000
002D
0000
0000
0000
0077
0000
0000
0000
0062
0000
004B
0000
0000
0000
0000
008D
0000
0000
0000
0000
0000
0000
0000
002D
0000
0000
0025
0000
0000
0000
0000
0000
0000
0000
0000
0005
0000
0035
004E
0000
0030
0000
00A6
0000
0000
0000
0000
0000
0000
0000
0027
0000
0000
0000
0000
0000
0000
0000
0015
0000
0000
0000
0000
0000
0000
0000
0000
0000
0000
001C
0028
0000
0000
0056
00B3
0020
00C6
00DC
0000
00A6
0000
007C
0031
002B
00B0
0114
0071
0105
0021
0076
013C
0000
0000
00B6
0000
00DF
0087
005C
0076
0000
0000
0137
0147
00D0
0084
0070
0107
0120
008A
0001
0012
004B
00ED
007F
0127
00D0
007F
00AD
006F
005C
00C7
009C
0025
0040
003A
0080
0000
0000
00D1
002D
011E
004E
0100
012C
00A4
000D
0069
00D8
0075
00CD
000D
00F0
001E
0000
00B8
00D4
006B
00FB
0116
00DD
008A
0000
0000
007D
00D0
00FF
0078
00AC
0048
0032
0000
0060
002C
0073
00EB
0000
00B3
0128
0000
009D
0105
0122
006B
009F
0024
000F
0000
00B2
002E
0141
00BF
0067
0000
0072
0053
003A
0000
0075
0066
0058
00CB
009F
00E4
00CB
0041
0085
00D0
0022
004A
005D
00DD
00B2
0176
00AC
004C
0068
00EF
0085
0098
005D
00D7
004F
015C
0050
0000
0000
0124
00CD
00EE
00A7
0000
009D
008D
00C3
0039
0000
002A
0066
002D
0146
00D5
00B5
008D
005D
00FF
002D
0000
004D
0075
0044
002A
007F
0094
00D8
0093
0000
00C3
0071
0101
0099
0040
0000
0054
00DA
0011
00A6
0088
00B8
0037
0047
00C9
0000
0094
0000
0054
0000
010F
003D
0077
009D
0072
00A0
012E
00EE
00B5
0000
0000
0040
008D
00B4
0009
0001
00D1
007D
00A1
003F
00C6
006D
0075
002E
004F
0132
00A9
0027
0018
0071
0000
0036
0120
0089
0128
00D7
0050
00BA
0000
0000
00AD
014E
0000
0000
000E
005D
0000
0000
0000
0000
0000
0000
0070
0000
0000
0000
0000
0000
0000
0063
006E
0000
0000
0041
0065
0113
0012
010A
010B
0000
0099
0000
0000
00E2
0073
0017
011B
01EB
0000
0000
011C
00EF
0026
00A5
0038
00C1
00B9
0105
00DB
0030
0000
0000
016B
0168
0000
00EC
014C
019B
00BB
0123
0087
0092
0079
0112
00C8
00FB
0000
001C
018D
0102
0000
0010
0185
00C5
01CB
005B
00D4
0000
0056
0162
00D6
0127
0120
00A2
0104
0064
0000
00F8
0059
0077
00B3
004D
00CF
0000
009B
0000
00E0
008F
00B0
0267
0094
0071
0000
0097
0050
00C4
0142
01D0
0192
0000
0000
0031
0000
0000
0131
014C
004D
0098
0000
004F
013E
00DC
016B
00EB
0118
0031
0000
0056
00C2
0075
01CE
0062
0000
0000
0000
0096
00A4
0064
016E
0154
0155
0167
0137
012A
00A7
0095
00FC
00A9
0010
0000
0000
0118
0138
01C3
0114
0034
00F7
00A8
017F
00F9
00BE
0135
0062
0093
0000
0014
0000
00E5
0114
00D8
009B
0032
00D4
006D
00B2
0000
0000
002E
007B
00F2
0048
0025
0000
0040
001D
00D3
008D
0000
00F5
004C
0080
0000
0084
0078
007D
0061
0027
00EA
0000
006F
0000
00FB
002F
010F
0072
008B
0011
00A2
0149
015E
0025
008E
0000
0104
0000
0069
0000
0166
0090
00BE
001C
00EE
0116
01C1
009B
00FB
0078
0087
003A
0000
0000
0000
00B1
015A
0091
009D
0096
0100
015A
016B
008C
0077
0149
0000
0000
00F1
0000
0022
003E
00BF
004E
0157
00F8
0155
00CE
0000
0000
00F0
01BF
003B
0095
00B9
002B
0000
0000
0000
0000
0000
0000
0000
0000
0000
0000
0000
0000
0000
0000
0000
0000
0000
0000
0000
0000
0000
0000
0000
0000
0000
0000
0000
0000
0000
0000
0000
0000
0000
0000
0000
0000
0000
0000
0000
0000
0000
0000
0000
0000
0000
0000
0000
0000
0000
0000
0000
0000
0000
0000
0000
0000
0000
0000
0000
0000
0000
0000
0000
0000
0000
0000
0000
0000
0000
0000
0000
0000
0000
0000
0000
0000
0000
0000
0000
0000
0000
0000
0000
0000
0000
0000
0000
0000
0000
0000
0000
0000
0000
0000
0000
0000
0000
0000
0000
0000
0000
0000
0000
0000
0000
0000
0000
0000
0000
0000
0000
0000
0000
0000
0000
0000
0000
0000
0000
0000
0000
0000
0000
0000
0000
0000
0000
0000
0000
0000
0000
0000
0000
0000
0000
0000
0000
0000
0000
0000
0000
0000
0000
0000
0000
0000
0000
0000
0000
0000
0000
0000
0000
0000
0000
0000
0000
0000
0000
0000
0000
0000
0000
0000
0000
0000
0000
0000
0000
0000
0000
0000
0000
0000
0000
0000
0000
0000
0000
0000
0000
0000
0000
0000
0000
0000
0000
0000
0000
0000
0000
0000
0000
0000
0000
0000
0000
0000
0000
0000
0000
0000
0000
0000
0000
0000
0000
0000
0000
0000
0000
0000
0000
0000
0000
0000
0000
0000
0000
0000
0000
0000
0000
0000
0000
0000
0000
0000
0000
0000
0000
0000
0000
0000
0000
0000
0000
0000
0000
0000
0000
0000
0000
0000
0000
0000
0000
0000
0000
0000
0000
0000
0000
0000
0000
00AE
01DB
00CF
00E1
0177
00FB
0149
0171
016A
0137
00BD
0213
00A6
00CD
0128
00EC
015F
010A
01F2
00B3
01AC
011E
0151
0181
0180
00DE
0143
00F5
0144
022E
017E
010E
010B
0134
00D9
01C7
00D1
022A
0182
010E
018E
019C
013D
020C
00F2
0102
01DD
0159
0160
0089
019E
00F4
019F
00E9
00F6
017A
01F6
01B2
00AC
012E
0121
0165
0164
0188
00F7
01B2
0156
0241
0122
017C
0125
017E
0162
01BB
0215
01C7
013E
00F0
012F
018A
015C
0097
015A
01CB
016D
00D2
0154
00C4
01D6
0134
006D
01AE
01BF
0160
019F
01C2
016A
01EF
0141
0174
0161
01BA
0114
01E5
014F
01EF
0173
0182
00BF
01E8
0110
01B6
00CB
0199
0131
015E
01F0
0133
0158
0134
0158
0137
00EF
018B
0194
00B4
01AC
0111
015A
00CE
01AB
00C2
017F
017C
019E
01B3
014E
0107
0107
019D
015B
015D
0120
0128
0164
01B3
010C
01B3
00E3
01FE
0123
01C3
01A9
016D
018F
01E4
0186
01A9
014E
0170
012F
012B
0158
0110
01D4
00A4
0248
00B3
0114
01EE
0148
0128
00C4
0199
0134
0050
0104
01AB
0147
016D
0127
0121
0038
021F
012D
0177
00EC
0108
0105
0132
017F
01CC
00FB
00FC
00E6
01CE
0183
01A7
0140
013D
01C4
00FC
01F1
0134
0185
0181
00C1
0175
013E
0227
0194
00CC
0197
0163
0123
01FA
010E
0163
0154
01BC
00FD
0149
0185
017E
0103
014A
01C9
0165
011B
0136
0160
0169
013C
01FE
0140
0224
0110
00F0
0148
0092
0139
011F
01E5
015E
016E
00F3
01ED
011D
0231
011B
0154
00B9
0186
014B
01D7
01A0
0077
0000
0000
0000
0002
0000
0000
0000
0000
0044
0099
0000
0000
0000
0000
0000
002D
0000
0000
0000
0000
0000
0000
0000
0000
0000
0000
0000
0000
0000
0000
0000
000A
0000
0000
0000
0010
0000
0000
0000
0000
0000
0000
0000
0025
0000
0000
0000
0000
0000
0000
0000
0000
0000
0006
0000
0000
0000
0000
0000
0000
0000
0000
0000
003D
0000
0000
0000
0000
0000
0000
0020
0000
0000
0000
0000
0000
0000
0000
0000
0000
0000
0000
0000
0000
0000
0000
002E
0000
0000
0000
0000
0000
0000
0000
0000
0093
0000
0000
0000
0000
0000
0000
0000
0000
0000
0000
0000
0000
0000
0000
0000
006D
0000
0000
0000
0000
0000
0000
0000
0000
0000
0000
0000
0000
0000
0000
0016
0000
0000
0000
0000
0000
0000
0000
0000
0000
0000
0000
0000
0000
0000
0000
0000
0000
0000
0000
0000
0000
0000
0000
0000
0000
0000
0000
0000
0000
0000
0000
000A
0000
0000
0000
0000
0000
000E
0000
0000
0000
0000
0000
0000
0000
0000
0000
0000
0046
0000
0000
0000
0000
0000
0000
0000
0000
0000
0000
0000
0000
0015
0000
0000
0000
0000
0000
0000
0000
0000
0000
0000
0000
0000
0000
0000
0000
0000
0000
0000
0050
0000
0000
0000
0000
0000
0000
0000
0000
0000
0000
0000
0000
0000
0000
0000
001D
0000
0000
0000
0000
0000
0000
0000
0000
0000
0000
0000
0000
0000
0000
0000
004F
0000
0000
0000
0000
0000
0000
0000
0000
0000
0000
0000
0000
0000
0000
0000
