0000
0000
0000
0000
0000
0000
1262
015D
0000
06B5
0000
0537
0000
0000
0000
0000
0000
0000
0000
0000
0000
0000
0000
0000
0000
0000
0000
0000
15F9
0000
045C
0000
0000
0000
0D1D
0000
0A5B
0000
03F1
01FC
0000
0000
02F6
0000
04C5
0000
0ADB
0000
0000
0000
0000
0000
00AC
0000
0171
0000
0000
0000
0000
0000
057D
0000
0000
0000
0260
052D
0000
09FE
08CD
1D5C
11D7
09E8
0472
0BC0
15EA
06AD
04AC
0827
16D8
0F38
0000
013B
0EBF
0640
0FBA
0000
0000
0AFA
003A
07DA
0A8C
15C8
1035
0BA7
05AB
02F2
0997
0FDF
0BCB
0000
0ABC
09DF
1117
0000
0000
0000
047C
0716
01C1
0513
0D45
0C14
0000
0016
0000
0302
003B
05A3
0253
0D53
0000
0000
0015
0287
0000
0000
0000
0262
0128
01F5
03CC
0413
0000
0000
0000
0000
0000
0000
0000
0BE4
0000
0000
1087
0000
0000
0000
0344
0B19
0A6D
060B
0047
02BD
0000
0000
0000
11B3
0000
0A92
0000
01EE
0083
0000
0000
0000
0763
01C7
05EF
0000
0000
0000
10F9
0000
0849
0000
0000
01D2
02C2
0000
022C
0000
0592
0000
0000
0382
0000
0000
0000
0000
0500
0000
05A2
0000
0000
0000
0000
00E5
074E
0000
0301
0186
0000
0000
0000
0370
02FC
0107
0895
05E3
04C3
0E64
13FF
01B0
0000
0000
018B
0000
0000
0000
0A32
0000
0000
0000
0B38
0000
0034
0000
025C
0000
1724
0BA3
0000
0B91
0000
0000
0000
0000
0000
0000
03FC
079C
0000
0000
0000
0000
05B0
0000
017C
02A3
00E6
06E6
0BD4
0ACA
03F7
0000
02E4
008C
0000
01D1
0000
0000
0000
0000
0000
0000
0000
0000
0000
0112
0000
0000
0BCA
0000
0000
0000
0ADE
0000
0085
0000
0000
0000
0000
0000
05C9
0000
0000
0000
0000
0000
000C
0000
0CAA
0000
0848
0000
082E
0000
0000
0000
05BC
0000
0980
0000
0315
0581
0000
0000
0000
0000
0000
0000
00BA
0399
0000
0000
0000
00DF
0064
0000
0000
0000
06DF
0820
100A
0000
0000
0000
0000
0000
0000
0000
0000
0000
0000
0000
0085
0E9B
0000
0000
03A2
01B4
0000
1265
0368
0000
0221
0000
0000
0000
0000
0C94
0000
0000
0000
0000
0000
0000
0000
0028
0754
04C1
0000
0000
00D3
0000
07B3
0000
0000
09EE
0000
0000
0000
0000
0000
0000
0000
03AB
002E
00D9
0000
0095
0000
0000
024E
0000
0000
0000
0000
058C
0818
0000
0000
072A
0000
0000
076B
03BF
0000
0496
11FF
0000
00D5
0000
0990
0000
0000
0398
04F7
005D
0000
0000
1492
0000
0000
1070
0000
0000
0500
0000
07E7
0000
0E77
0000
0000
02AC
0000
0000
0CC2
0000
0F12
0000
0311
07AC
0000
023A
06A2
00C7
0DC5
0000
004F
043F
039F
04A3
04FC
0148
00AA
008F
093E
0000
08E9
07E6
0500
0000
0000
0000
0000
0000
048C
094C
0B82
140E
0000
0BFA
03C6
0000
0000
08AA
0000
0C5D
0855
0000
0000
0000
0000
0000
0000
0000
0000
0000
0E9C
001A
0348
0000
0000
02B3
09AD
0000
053E
04CC
0228
06DB
00FC
0000
0000
0000
06E9
0000
06CC
0000
03B2
0000
0BC8
0000
0201
0000
0027
0000
0000
0000
0000
0000
061F
0000
